rows
13 11 3 2 6
5 6 6 4 7 2 2
3 4 7 3 13
2 6 8 6 3 9
2 6 5 3 2 2 3 8
10 2 2 1 2 3 8
4 3 1 3 1 2 2 4 2
6 3 1 2 2 2
3 2 1 2
1 3 10 8 2
3 2 2 2 2
11 8 4 6 2
1 4 2 1 1 1 1 3 1
10 5 4 6 1
2 3 1 1 1 2 1 1
1 4 1 2 2 1
1 3 2 2 4 2
1 6 2 2 2 2 3
1 7 8 2 9
1 2 5 2 4
1 2 5 1 2 4
1 1 6 1 1 1 4
1 6 1 1 1 5
2 1 5 4 2 5
1 1 6 1
3 3 1
1 1 1 1
1 24 1
1 1 3 1 1 1 1 1 2
1 2 1 1 1 1 2 1
1 17 2
1 14 1
1 1 12 2
3 2 1 1 1 2
5 1 9 2
6 2 2
8 3 12
10 12 10
12 8
13 5 7

columns - the first number in the row means the bottom block, the last number in the row means the top block
6 10 13
7 3 2 2 9
15 4 1 7 3
6 1 4 1 1 1 4 2
6 2 2 3 1 3 3 2
5 10 1 6 1
4 2 11 1 7
4 1 9 1 1 7
3 4 7 1 1 6
3 1 5 1 1 1 4
2 1 3 7 1 2
2 1 2 2 1 1 4 2
2 1 3 2 1 1 4 1
1 2 4 1 4 1 1 4
1 1 1 1 1 1 1 2 5
2 2 1 1 1 1 1 2 4
1 6 1 3 1 7
1 4 1 2 1 3 1 6
1 5 1 1 1 1 1 5
1 1 1 6 1 2 1 1 1
1 1 1 3 1 3 2 2 1 4
1 1 5 1 2 1 2 2 5
1 1 1 6 1 6 7
1 1 1 3 1 1 1 1 1 2
1 5 1 1 5 1 4 1
1 1 3 1 1 9 6
1 8 2 2 1 2 3
1 3 1 1 2 2 1 1 5
5 2 1 3 2 3 1 6
6 2 1 1 1 1 1 7
4 2 3 1 1 1 1 3 3
4 2 1 1 3 1 4
4 3 1 3 1 5
4 3 1 3 9
4 12 2 8
3 13 7 
2 8 6 1
2 5 2 4 1
1 2 2 4 2
1 4 2
