rows
10 6
17 5
28
31
35
7 17 9
8 3 17 5
11 2 2 3 9 3
13 2 3 4 3 1
2 12 5 6 5
3 22 5 11
2 7 1 5 4 8
10 4 4 3 4 5 1
8 4 7 1 5 2
2 4 2 4 12 5 4
1 2 1 3 22 8
3 4 18 5 6
2 2 2 16 5 5
2 2 1 1 2 17 6 4
2 1 4 17 5 3
3 1 18 5 2
5 4 15 4 2
16 15 5 1
2 6 2 14 4 1
2 2 2 13 5 1
2 1 3 12 5 1
4 5 11 5 1
3 6 10 6 1
1 3 3 10 7 1
2 3 8 6 1
2 3 8 7 2
2 4 7 6 2
2 2 2 6 6 3
2 2 2 4 6 4
2 5 10 6
3 2 3 2 8 8
9 3 2 6 12
12 2 4 8 5
11 2 3 4 2 4
4 4 2 2 3 1 3
4 2 2 5 2 2
5 1 2 5 1 2
5 4 5 2 1
2 5 1 1
5 5 1 1 1
11 2 2
10 2 2
5 4 1
2 4 1
6

columns - the first number in the row means the bottom block, the last number in the row means the top block
3
6
3 4 
10 1
5 4 2
5 4 1
2 2 1 5 1
2 2 2 4 2
2 3 6
6 2 1 6
3 2 1 2 6
2 6
6 2 2 1 1 6
9 2 1 1 3 6
10 1 2 5 7
3 8 2 2 5 7
5 2 3 2 2 3 8
6 1 4 2 2 9
1 4 5 3 2 3 5
1 3 8 3 2 12 5
1 3 1 17 9 1 2 5
2 2 1 2 11 10 1 9
2 3 2 4 3 11 1 1 7
6 2 12 11 2 6
6 2 10 12 2 7
1 4 3 1 4 13 3 7
2 4 8 13 13
2 4 5 15 13
2 5 19 2 7
8 19 2 7
2 25 2 8
2 23 13
1 30 6
2 29 6
1 3 21 1 6
1 2 14 3 2 5 1
2 3 7 3 3 6 1
1 3 4 3 6 1
2 5 5 3 2 5
2 7 6 3 2 5
2 7 7 3 2 5
2 17 3 1 5
3 15 1 3 1 5
4 12 1 3 1 4
3 3 9 2 4 4
3 4 5 3 3 4
5 6 5 2 4
4 8 6 4
12 9 4
33 4